Data for problem : Optimize assignment and schedule for project in software
 - number of task :
19
 - number of resources :
30
 - number of skills 
11
 - task duration , 1D array len = 19
3 5 5 22 22 22 5 3 3 3 3 3 3 3 3 3 3 3 3 
 - dependency relationship : D = (t_i,t_j) 
 - size D :
 22
1 19
2 4
2 13
2 15
3 5
3 10
3 11
3 14
3 17
4 8
5 14
5 15
5 16
6 14
8 17
9 18
10 11
11 15
12 17
13 15
14 16
16 19
 - TREQ matrix : size 19x11 
0 0 0 0 1 1 0 1 0 0 0 
1 0 1 0 0 0 0 0 0 1 0 
1 0 1 0 0 0 0 0 0 0 1 
1 0 1 0 0 0 0 1 0 0 0 
0 0 1 0 0 0 0 0 0 1 1 
1 0 1 1 0 1 0 0 1 0 0 
0 0 1 1 0 0 1 0 0 0 1 
0 0 1 1 0 1 1 0 0 1 0 
0 1 1 0 0 0 0 1 0 0 0 
0 1 1 1 0 0 0 0 0 0 0 
0 0 1 0 1 0 0 0 1 1 0 
0 1 0 0 0 1 1 0 0 0 0 
0 0 1 0 0 0 0 1 1 0 0 
0 1 1 0 1 0 0 0 0 0 0 
1 0 1 0 1 0 0 0 0 0 0 
0 1 1 0 0 1 1 1 1 1 1 
0 0 0 1 1 0 1 0 0 0 0 
0 0 0 0 0 0 0 0 1 0 1 
0 0 1 0 0 0 0 0 0 0 0 
 - LEXP matrix : size 30x11
 0.51 0.22 0.62 0.68 0.00 0.36 0.40 0.74 0.32 0.50 0.09
 0.18 0.61 0.02 0.99 0.53 0.38 0.75 0.11 0.24 0.87 0.53
 0.02 0.10 0.46 0.89 0.03 0.54 0.59 0.97 0.05 0.70 0.59
 0.62 0.27 0.02 0.10 0.67 0.86 0.94 0.08 0.21 0.00 0.71
 0.19 0.70 0.24 0.57 0.95 0.44 0.34 0.69 0.89 0.89 0.34
 0.42 0.86 0.92 0.49 0.17 0.70 0.84 0.52 0.37 0.59 0.52
 0.38 0.55 0.98 0.98 0.86 0.58 0.90 0.80 0.46 0.06 0.97
 0.21 0.79 0.61 0.80 0.69 0.30 0.68 0.49 0.88 0.89 0.95
 0.48 0.37 0.43 0.54 0.27 0.54 0.91 0.89 0.78 0.33 0.64
 0.02 0.35 0.21 0.50 0.99 0.20 0.42 0.96 0.73 0.05 0.47
 0.64 0.34 0.14 0.39 0.32 0.67 0.55 0.22 0.09 0.74 0.24
 0.48 0.06 0.15 0.59 0.23 0.53 0.38 0.71 0.12 0.88 0.46
 0.72 0.45 0.56 0.37 0.44 0.95 0.27 0.87 0.73 0.60 0.78
 0.95 0.35 0.09 0.53 0.38 0.60 0.74 0.41 0.00 0.07 0.97
 0.24 0.41 0.64 0.11 0.79 0.01 0.33 0.70 0.49 0.70 0.86
 0.61 0.89 0.48 0.80 0.68 0.59 0.73 0.24 0.45 0.26 0.22
 0.86 0.44 0.95 0.62 0.47 0.22 0.76 0.94 0.82 0.38 0.90
 0.27 0.76 0.78 0.56 0.33 0.52 0.25 0.29 0.88 0.63 0.96
 0.64 0.85 0.71 0.12 0.46 0.98 0.61 0.52 0.05 0.45 1.00
 0.20 0.09 0.68 0.23 0.32 0.51 0.53 0.20 0.83 0.81 0.89
 1.00 0.83 0.17 0.27 0.73 0.11 0.31 0.46 0.32 0.57 0.55
 0.11 0.31 0.88 0.10 0.29 0.89 0.09 0.69 0.92 0.38 0.22
 0.76 0.68 0.95 0.04 0.83 0.76 0.08 0.60 0.40 0.77 0.75
 0.01 0.74 0.04 0.37 0.62 0.67 0.18 0.00 0.68 0.64 0.92
 0.53 0.13 0.28 0.99 0.07 0.86 0.67 0.55 0.09 0.21 0.43
 1.00 0.37 0.48 0.53 0.74 0.89 0.13 0.82 0.64 0.80 0.47
 0.34 0.77 0.59 0.79 0.26 0.02 0.59 0.20 0.83 0.19 0.35
 0.70 0.32 0.22 0.28 0.93 0.29 0.10 0.86 0.01 0.27 0.73
 0.84 0.34 0.40 0.59 0.93 0.16 0.60 0.08 0.37 0.03 0.99
 0.62 0.48 0.16 0.70 0.84 0.15 0.40 0.25 0.85 0.24 0.76